20
0 0.0 0.0 0.0
1 0.0 1.0 1.0  
2 0.0 0.5 1.0 
3 0.0 1.0 0.0 
4 0.0 1.0 0.5  
5 0.0 0.5 0.0  
6 1.0 0.5 1.0  
7 1.0 1.0 0.5  
8 1.0 0.0 1.0 
9 1.0 0.0 0.5 
10 0.0 0.0 1.0 
11 0.5 0.0 1.0
12 0.0 0.0 0.5
13 1.0 1.0 1.0 
14 0.5 1.0 1.0
15 1.0 1.0 0.0
16 0.5 1.0 0.0 
17 1.0 0.0 0.0
18 1.0 0.5 0.0 
19 0.5 0.0 0.0
23
0 2 11 12 9
1 4 18 16 7
2 2 18 4 7
3 11 2 12 10
4 19 2 4 12
5 2 18 9 19
6 16 15 7 18
7 4 1 2 14
8 6 14 13 7
9 2 18 19 4
10 3 4 5 16
11 19 4 5 12
12 11 2 6 9
13 2 19 9 12
14 19 18 9 17
15 2 14 6 7
16 12 0 5 19
17 4 18 19 5
18 2 4 14 7
19 4 18 5 16
20 8 11 6 9
21 18 2 9 7
22 7 9 6 2
0