211

0	0	0	0	300.001
1	0	0	0.8	299.998
2	0	0.2	1	500
3	0	0.4	1	500.001
4	0	0.6	1	499.998
5	0	0.8	1	499.997
6	0	1	0	300
7	0	1	0.4	300.001
8	0	1	0.6	300.001
9	0	0.2	0	300
10	0	0.4	0	300
11	0	0.6	0	300
12	0	0.8	0	300
13	0	0.134949	0.134513	299.999
14	0	0.303492	0.170906	299.999
15	0	0.734786	0.181183	300
16	0	0.515254	0.186401	300
17	0	0.841042	0.33154	300
18	0	0.180143	0.735161	300.001
19	0	0.327733	0.842893	300.003
20	0	0.813268	0.726265	299.998
21	0	0.817903	0.507285	299.999
22	0	0.661471	0.8333	300.004
23	0	0.492514	0.824644	299.999
24	0	0.17106	0.30326	300.001
25	0	0.188341	0.512387	300
26	0	0.651561	0.370745	300.001
27	0	0.600235	0.617008	300
28	0	0.399288	0.402296	300.001
29	0	0.364782	0.655683	300.004
30	1	0	1	498.537
31	1	0	0.8	298.496
32	1	1	1	499.998
33	1	0.2	1	499.16
34	1	0.4	1	500.939
35	1	0.6	1	499.714
36	1	0.8	1	500.014
37	1	1	0.6	299.995
38	1	1	0.8	299.998
39	1	0.134949	0.134513	300.001
40	1	0.303492	0.170906	299.99
41	1	0.734786	0.181183	299.999
42	1	0.515254	0.186401	300
43	1	0.841042	0.33154	299.999
44	1	0.180143	0.735161	299.434
45	1	0.327733	0.842893	294.578
46	1	0.813268	0.726265	300.009
47	1	0.817903	0.507285	300.011
48	1	0.661471	0.8333	299.991
49	1	0.492514	0.824644	300.777
50	1	0.17106	0.30326	299.969
51	1	0.188341	0.512387	300.337
52	1	0.651561	0.370745	300.007
53	1	0.600235	0.617008	299.978
54	1	0.399288	0.402296	300.051
55	1	0.364782	0.655683	299.082
56	1	0	0.2	300.007
57	1	0	0.4	299.851
58	1	0	0.6	300.494
59	0	0	1	500
60	0.2	0	1	500.006
61	0.4	0	1	499.902
62	0.6	0	1	500.626
63	0.8	0	1	498.773
64	0	0	0.2	300
65	0	0	0.4	299.998
66	0	0	0.6	299.998
67	0.134513	0	0.134949	299.999
68	0.170906	0	0.303492	300.001
69	0.181183	0	0.734786	300.004
70	0.186401	0	0.515254	300.005
71	0.33154	0	0.841042	300.02
72	0.735161	0	0.180143	299.999
73	0.842893	0	0.327733	300.033
74	0.726265	0	0.813268	299.234
75	0.507285	0	0.817903	300.016
76	0.8333	0	0.661471	299.214
77	0.824644	0	0.492514	300.059
78	0.30326	0	0.17106	300.002
79	0.512387	0	0.188341	300.007
80	0.370745	0	0.651561	299.958
81	0.617008	0	0.600235	300.202
82	0.402296	0	0.399288	299.983
83	0.655683	0	0.364782	299.975
84	1	1	0.2	300
85	1	1	0.4	299.997
86	0	1	1	500.002
87	0.2	1	1	499.999
88	0.4	1	1	500.001
89	0.6	1	1	499.999
90	0.8	1	1	499.993
91	0	1	0.2	300
92	0	1	0.8	300
93	0.134513	1	0.134949	299.999
94	0.170906	1	0.303492	300
95	0.181183	1	0.734786	299.999
96	0.186401	1	0.515254	299.999
97	0.33154	1	0.841042	299.999
98	0.735161	1	0.180143	299.999
99	0.842893	1	0.327733	300.002
100	0.726265	1	0.813268	299.998
101	0.507285	1	0.817903	299.996
102	0.8333	1	0.661471	299.999
103	0.824644	1	0.492514	300
104	0.30326	1	0.17106	300
105	0.512387	1	0.188341	299.999
106	0.370745	1	0.651561	299.998
107	0.617008	1	0.600235	300.001
108	0.402296	1	0.399288	299.999
109	0.655683	1	0.364782	300.003
110	1	1	0	300
111	0.2	1	0	300.001
112	0.4	1	0	300
113	0.6	1	0	300.001
114	0.8	1	0	300.001
115	1	0	0	299.999
116	1	0.2	0	300
117	1	0.4	0	300.004
118	1	0.6	0	299.998
119	1	0.8	0	300.001
120	0.2	0	0	300
121	0.4	0	0	299.997
122	0.6	0	0	300
123	0.8	0	0	299.997
124	0.134949	0.134513	0	300
125	0.303492	0.170906	0	299.999
126	0.734786	0.181183	0	299.999
127	0.515254	0.186401	0	299.998
128	0.841042	0.33154	0	300.001
129	0.180143	0.735161	0	300
130	0.327733	0.842893	0	300
131	0.813268	0.726265	0	299.999
132	0.817903	0.507285	0	300
133	0.661471	0.8333	0	299.999
134	0.492514	0.824644	0	300
135	0.17106	0.30326	0	300
136	0.188341	0.512387	0	300
137	0.651561	0.370745	0	300.001
138	0.600235	0.617008	0	299.998
139	0.399288	0.402296	0	299.999
140	0.364782	0.655683	0	299.999
141	0.134949	0.134513	1	499.999
142	0.303492	0.170906	1	499.989
143	0.734786	0.181183	1	498.918
144	0.515254	0.186401	1	500.14
145	0.841042	0.33154	1	500.214
146	0.180143	0.735161	1	500.002
147	0.327733	0.842893	1	499.998
148	0.813268	0.726265	1	500.025
149	0.817903	0.507285	1	500.164
150	0.661471	0.8333	1	500.009
151	0.492514	0.824644	1	500.002
152	0.17106	0.30326	1	499.997
153	0.188341	0.512387	1	500
154	0.651561	0.370745	1	499.615
155	0.600235	0.617008	1	499.986
156	0.399288	0.402296	1	500.037
157	0.364782	0.655683	1	500.007
158	0.758043	0.757445	0.404998	299.992
159	0.763001	0.401989	0.760317	299.106
160	0.283388	0.720804	0.282769	300.001
161	0.305678	0.305526	0.305408	300.002
162	0.15148	0.835383	0.219486	300
163	0.179429	0.179299	0.213451	300.001
164	0.198294	0.327318	0.521538	299.992
165	0.725556	0.69367	0.697143	299.961
166	0.828419	0.225215	0.828376	305.341
167	0.478562	0.247662	0.532981	300.013
168	0.175039	0.840456	0.409637	299.999
169	0.761234	0.226611	0.580463	299.73
170	0.672618	0.43436	0.330305	299.987
171	0.360582	0.62949	0.638563	299.98
172	0.184025	0.760585	0.615611	300.001
173	0.514432	0.704254	0.79952	299.985
174	0.246813	0.247141	0.760879	299.991
175	0.615447	0.190602	0.752834	299.76
176	0.236787	0.812523	0.812634	300.005
177	0.193392	0.563118	0.480637	299.999
178	0.191071	0.485681	0.697047	299.998
179	0.845769	0.766027	0.820424	300.001
180	0.439175	0.490115	0.432526	299.989
181	0.836546	0.174431	0.410431	299.973
182	0.156238	0.412568	0.855844	299.996
183	0.416748	0.40549	0.702266	300.062
184	0.327318	0.521538	0.180707	300.001
185	0.410067	0.151241	0.758494	299.986
186	0.328654	0.524698	0.84524	299.978
187	0.548434	0.721895	0.241406	300.002
188	0.637966	0.188847	0.427751	299.994
189	0.828313	0.575713	0.80766	299.943
190	0.783435	0.833783	0.579325	299.995
191	0.836194	0.150096	0.219509	300.007
192	0.538394	0.775529	0.572137	299.995
193	0.776532	0.615948	0.210948	300.007
194	0.809733	0.530719	0.610934	300.191
195	0.812472	0.417174	0.182871	299.995
196	0.613498	0.419709	0.59135	300.076
197	0.505319	0.318845	0.343942	299.995
198	0.825574	0.825629	0.227261	299.999
199	0.355004	0.758173	0.474811	300.006
200	0.654645	0.267259	0.191684	300
201	0.410539	0.837518	0.173515	299.999
202	0.630871	0.54191	0.816621	300.143
203	0.410209	0.852749	0.759572	300.003
204	0.311378	0.174253	0.594586	300.001
205	0.81225	0.365536	0.450725	300.068
206	0.595875	0.859043	0.730497	300.006
207	0.802982	0.56223	0.413058	299.958
208	0.602241	0.619035	0.41476	299.983
209	0.528995	0.443551	0.168462	300.003
210	0.438897	0.193776	0.19257	300.002
211

0	0	0	0	684.521
1	0	0	0.8	2883.65
2	0	0.2	1	1703.12
3	0	0.4	1	1863.28
4	0	0.6	1	-1265.25
5	0	0.8	1	298.194
6	0	1	0	-2678.41
7	0	1	0.4	-9348.69
8	0	1	0.6	-8353.89
9	0	0.2	0	323.477
10	0	0.4	0	376.345
11	0	0.6	0	-466.278
12	0	0.8	0	6251.21
13	0	0.134949	0.134513	225.873
14	0	0.303492	0.170906	110.896
15	0	0.734786	0.181183	66.2307
16	0	0.515254	0.186401	648.292
17	0	0.841042	0.33154	-2451.7
18	0	0.180143	0.735161	3877.24
19	0	0.327733	0.842893	-9148.9
20	0	0.813268	0.726265	-422.755
21	0	0.817903	0.507285	42071.2
22	0	0.661471	0.8333	2468.31
23	0	0.492514	0.824644	3625.76
24	0	0.17106	0.30326	4614.42
25	0	0.188341	0.512387	1678.02
26	0	0.651561	0.370745	-1721.87
27	0	0.600235	0.617008	-24733.8
28	0	0.399288	0.402296	-103.87
29	0	0.364782	0.655683	3393.67
30	1	0	1	499.737
31	1	0	0.8	297.164
32	1	1	1	499.981
33	1	0.2	1	499.891
34	1	0.4	1	500.722
35	1	0.6	1	499.77
36	1	0.8	1	499.985
37	1	1	0.6	300.065
38	1	1	0.8	300.071
39	1	0.134949	0.134513	299.322
40	1	0.303492	0.170906	300.119
41	1	0.734786	0.181183	299.896
42	1	0.515254	0.186401	300.111
43	1	0.841042	0.33154	299.984
44	1	0.180143	0.735161	301.391
45	1	0.327733	0.842893	294.246
46	1	0.813268	0.726265	300.076
47	1	0.817903	0.507285	300.054
48	1	0.661471	0.8333	300.087
49	1	0.492514	0.824644	300.492
50	1	0.17106	0.30326	299.876
51	1	0.188341	0.512387	302.557
52	1	0.651561	0.370745	300.05
53	1	0.600235	0.617008	299.858
54	1	0.399288	0.402296	299.46
55	1	0.364782	0.655683	299.843
56	1	0	0.2	300.977
57	1	0	0.4	300.744
58	1	0	0.6	301.932
59	0	0	1	-978.746
60	0.2	0	1	39.5699
61	0.4	0	1	959.17
62	0.6	0	1	494.991
63	0.8	0	1	497.289
64	0	0	0.2	-2718.06
65	0	0	0.4	4724.8
66	0	0	0.6	-51244.6
67	0.134513	0	0.134949	209.829
68	0.170906	0	0.303492	4697.74
69	0.181183	0	0.734786	2656.17
70	0.186401	0	0.515254	-1113.07
71	0.33154	0	0.841042	-1685.39
72	0.735161	0	0.180143	296.411
73	0.842893	0	0.327733	299.417
74	0.726265	0	0.813268	310.673
75	0.507285	0	0.817903	163.435
76	0.8333	0	0.661471	295.388
77	0.824644	0	0.492514	294.507
78	0.30326	0	0.17106	-47.9939
79	0.512387	0	0.188341	332.643
80	0.370745	0	0.651561	321.245
81	0.617008	0	0.600235	323.212
82	0.402296	0	0.399288	146.348
83	0.655683	0	0.364782	309.141
84	1	1	0.2	299.958
85	1	1	0.4	299.97
86	0	1	1	454.613
87	0.2	1	1	468.879
88	0.4	1	1	503.719
89	0.6	1	1	500.213
90	0.8	1	1	499.983
91	0	1	0.2	299.264
92	0	1	0.8	448.303
93	0.134513	1	0.134949	304.349
94	0.170906	1	0.303492	305.692
95	0.181183	1	0.734786	338.801
96	0.186401	1	0.515254	303.281
97	0.33154	1	0.841042	300.572
98	0.735161	1	0.180143	300.143
99	0.842893	1	0.327733	300.091
100	0.726265	1	0.813268	299.94
101	0.507285	1	0.817903	299.878
102	0.8333	1	0.661471	299.619
103	0.824644	1	0.492514	299.988
104	0.30326	1	0.17106	296.937
105	0.512387	1	0.188341	299.937
106	0.370745	1	0.651561	290.182
107	0.617008	1	0.600235	301.327
108	0.402296	1	0.399288	303.469
109	0.655683	1	0.364782	299.435
110	1	1	0	299.988
111	0.2	1	0	303.249
112	0.4	1	0	301.035
113	0.6	1	0	299.913
114	0.8	1	0	299.977
115	1	0	0	300.481
116	1	0.2	0	298.999
117	1	0.4	0	297.247
118	1	0.6	0	300.381
119	1	0.8	0	299.994
120	0.2	0	0	384.43
121	0.4	0	0	352.377
122	0.6	0	0	295.998
123	0.8	0	0	299.726
124	0.134949	0.134513	0	334.902
125	0.303492	0.170906	0	333.867
126	0.734786	0.181183	0	305.442
127	0.515254	0.186401	0	277.131
128	0.841042	0.33154	0	300.314
129	0.180143	0.735161	0	292.784
130	0.327733	0.842893	0	299.467
131	0.813268	0.726265	0	299.946
132	0.817903	0.507285	0	299.153
133	0.661471	0.8333	0	299.933
134	0.492514	0.824644	0	299.85
135	0.17106	0.30326	0	289.705
136	0.188341	0.512387	0	304.085
137	0.651561	0.370745	0	307.14
138	0.600235	0.617008	0	300.777
139	0.399288	0.402296	0	289.843
140	0.364782	0.655683	0	301.703
141	0.134949	0.134513	1	501.153
142	0.303492	0.170906	1	501.135
143	0.734786	0.181183	1	495.949
144	0.515254	0.186401	1	500.824
145	0.841042	0.33154	1	500.916
146	0.180143	0.735161	1	541.692
147	0.327733	0.842893	1	502.939
148	0.813268	0.726265	1	499.967
149	0.817903	0.507285	1	500.378
150	0.661471	0.8333	1	500.078
151	0.492514	0.824644	1	497.765
152	0.17106	0.30326	1	499.484
153	0.188341	0.512387	1	497.629
154	0.651561	0.370745	1	497.802
155	0.600235	0.617008	1	500.155
156	0.399288	0.402296	1	500.981
157	0.364782	0.655683	1	497.546
158	0.758043	0.757445	0.404998	299.944
159	0.763001	0.401989	0.760317	299.163
160	0.283388	0.720804	0.282769	302.864
161	0.305678	0.305526	0.305408	306.249
162	0.15148	0.835383	0.219486	303.761
163	0.179429	0.179299	0.213451	333.417
164	0.198294	0.327318	0.521538	295.039
165	0.725556	0.69367	0.697143	299.959
166	0.828419	0.225215	0.828376	304.465
167	0.478562	0.247662	0.532981	314.273
168	0.175039	0.840456	0.409637	263.571
169	0.761234	0.226611	0.580463	294.917
170	0.672618	0.43436	0.330305	299.285
171	0.360582	0.62949	0.638563	300.948
172	0.184025	0.760585	0.615611	302.178
173	0.514432	0.704254	0.79952	301.097
174	0.246813	0.247141	0.760879	300.18
175	0.615447	0.190602	0.752834	307.121
176	0.236787	0.812523	0.812634	284.503
177	0.193392	0.563118	0.480637	300.859
178	0.191071	0.485681	0.697047	302.935
179	0.845769	0.766027	0.820424	300.011
180	0.439175	0.490115	0.432526	297.606
181	0.836546	0.174431	0.410431	299.501
182	0.156238	0.412568	0.855844	300.218
183	0.416748	0.40549	0.702266	298.189
184	0.327318	0.521538	0.180707	300.534
185	0.410067	0.151241	0.758494	292.203
186	0.328654	0.524698	0.84524	299.812
187	0.548434	0.721895	0.241406	299.85
188	0.637966	0.188847	0.427751	310.716
189	0.828313	0.575713	0.80766	299.84
190	0.783435	0.833783	0.579325	299.948
191	0.836194	0.150096	0.219509	299.629
192	0.538394	0.775529	0.572137	299.745
193	0.776532	0.615948	0.210948	300.074
194	0.809733	0.530719	0.610934	300.854
195	0.812472	0.417174	0.182871	301.225
196	0.613498	0.419709	0.59135	297.476
197	0.505319	0.318845	0.343942	310.714
198	0.825574	0.825629	0.227261	300.07
199	0.355004	0.758173	0.474811	300.605
200	0.654645	0.267259	0.191684	291.155
201	0.410539	0.837518	0.173515	298.866
202	0.630871	0.54191	0.816621	300.242
203	0.410209	0.852749	0.759572	307.983
204	0.311378	0.174253	0.594586	315.51
205	0.81225	0.365536	0.450725	300.311
206	0.595875	0.859043	0.730497	300.015
207	0.802982	0.56223	0.413058	300
208	0.602241	0.619035	0.41476	300.867
209	0.528995	0.443551	0.168462	297.476
210	0.438897	0.193776	0.19257	349.453
211

0	0	0	0	670.858
1	0	0	0.8	2891.25
2	0	0.2	1	1702.26
3	0	0.4	1	1862.48
4	0	0.6	1	-1264.2
5	0	0.8	1	299.959
6	0	1	0	-2675.4
7	0	1	0.4	-9338.38
8	0	1	0.6	-8345.5
9	0	0.2	0	332.818
10	0	0.4	0	375.858
11	0	0.6	0	-465.756
12	0	0.8	0	6245.2
13	0	0.134949	0.134513	205.336
14	0	0.303492	0.170906	108.804
15	0	0.734786	0.181183	65.9185
16	0	0.515254	0.186401	649.65
17	0	0.841042	0.33154	-2449.02
18	0	0.180143	0.735161	3863.53
19	0	0.327733	0.842893	-9144.67
20	0	0.813268	0.726265	-422.494
21	0	0.817903	0.507285	42028.4
22	0	0.661471	0.8333	2465.82
23	0	0.492514	0.824644	3622.29
24	0	0.17106	0.30326	4646.45
25	0	0.188341	0.512387	1668.59
26	0	0.651561	0.370745	-1719.1
27	0	0.600235	0.617008	-24704.6
28	0	0.399288	0.402296	-112.095
29	0	0.364782	0.655683	3388.06
30	1	0	1	502.584
31	1	0	0.8	294.414
32	1	1	1	499.985
33	1	0.2	1	497.053
34	1	0.4	1	500.261
35	1	0.6	1	500.056
36	1	0.8	1	499.993
37	1	1	0.6	300.077
38	1	1	0.8	300.079
39	1	0.134949	0.134513	298.62
40	1	0.303492	0.170906	297.783
41	1	0.734786	0.181183	299.895
42	1	0.515254	0.186401	300.297
43	1	0.841042	0.33154	300.001
44	1	0.180143	0.735161	326.717
45	1	0.327733	0.842893	295.129
46	1	0.813268	0.726265	300.094
47	1	0.817903	0.507285	299.978
48	1	0.661471	0.8333	299.917
49	1	0.492514	0.824644	299.932
50	1	0.17106	0.30326	304.149
51	1	0.188341	0.512387	292.983
52	1	0.651561	0.370745	300.001
53	1	0.600235	0.617008	299.853
54	1	0.399288	0.402296	299.804
55	1	0.364782	0.655683	300.936
56	1	0	0.2	282.297
57	1	0	0.4	399.838
58	1	0	0.6	288.47
59	0	0	1	-986.02
60	0.2	0	1	43.7155
61	0.4	0	1	958.416
62	0.6	0	1	490.544
63	0.8	0	1	499.419
64	0	0	0.2	-2654.74
65	0	0	0.4	4800.07
66	0	0	0.6	-51291
67	0.134513	0	0.134949	242.733
68	0.170906	0	0.303492	4394.19
69	0.181183	0	0.734786	2650.2
70	0.186401	0	0.515254	-995.557
71	0.33154	0	0.841042	-1705.82
72	0.735161	0	0.180143	293.025
73	0.842893	0	0.327733	334.005
74	0.726265	0	0.813268	310.36
75	0.507285	0	0.817903	181.664
76	0.8333	0	0.661471	295.114
77	0.824644	0	0.492514	285.492
78	0.30326	0	0.17106	-81.8698
79	0.512387	0	0.188341	336.465
80	0.370745	0	0.651561	310.66
81	0.617008	0	0.600235	324.21
82	0.402296	0	0.399288	143.571
83	0.655683	0	0.364782	304.746
84	1	1	0.2	299.957
85	1	1	0.4	299.988
86	0	1	1	453.317
87	0.2	1	1	469.926
88	0.4	1	1	503.308
89	0.6	1	1	500.275
90	0.8	1	1	499.973
91	0	1	0.2	299.3
92	0	1	0.8	448.082
93	0.134513	1	0.134949	304.309
94	0.170906	1	0.303492	305.82
95	0.181183	1	0.734786	338.224
96	0.186401	1	0.515254	302.072
97	0.33154	1	0.841042	300.922
98	0.735161	1	0.180143	300.143
99	0.842893	1	0.327733	300.091
100	0.726265	1	0.813268	299.915
101	0.507285	1	0.817903	299.894
102	0.8333	1	0.661471	299.606
103	0.824644	1	0.492514	299.976
104	0.30326	1	0.17106	296.895
105	0.512387	1	0.188341	299.916
106	0.370745	1	0.651561	290.03
107	0.617008	1	0.600235	301.357
108	0.402296	1	0.399288	303.596
109	0.655683	1	0.364782	299.426
110	1	1	0	299.988
111	0.2	1	0	303.29
112	0.4	1	0	301.032
113	0.6	1	0	299.903
114	0.8	1	0	299.981
115	1	0	0	303.573
116	1	0.2	0	298.656
117	1	0.4	0	298.405
118	1	0.6	0	300.223
119	1	0.8	0	300.004
120	0.2	0	0	393.417
121	0.4	0	0	353.817
122	0.6	0	0	296.771
123	0.8	0	0	298.051
124	0.134949	0.134513	0	333.63
125	0.303492	0.170906	0	331.343
126	0.734786	0.181183	0	303.593
127	0.515254	0.186401	0	277.326
128	0.841042	0.33154	0	297.609
129	0.180143	0.735161	0	292.402
130	0.327733	0.842893	0	299.598
131	0.813268	0.726265	0	299.955
132	0.817903	0.507285	0	299.278
133	0.661471	0.8333	0	299.922
134	0.492514	0.824644	0	299.938
135	0.17106	0.30326	0	289.281
136	0.188341	0.512387	0	303.787
137	0.651561	0.370745	0	307.802
138	0.600235	0.617008	0	300.683
139	0.399288	0.402296	0	290.747
140	0.364782	0.655683	0	301.301
141	0.134949	0.134513	1	506.464
142	0.303492	0.170906	1	499.689
143	0.734786	0.181183	1	497.569
144	0.515254	0.186401	1	501.423
145	0.841042	0.33154	1	503.554
146	0.180143	0.735161	1	538.578
147	0.327733	0.842893	1	503.756
148	0.813268	0.726265	1	499.998
149	0.817903	0.507285	1	499.86
150	0.661471	0.8333	1	500.128
151	0.492514	0.824644	1	497.68
152	0.17106	0.30326	1	497.813
153	0.188341	0.512387	1	501.329
154	0.651561	0.370745	1	498.435
155	0.600235	0.617008	1	499.87
156	0.399288	0.402296	1	500.585
157	0.364782	0.655683	1	497.611
158	0.758043	0.757445	0.404998	299.961
159	0.763001	0.401989	0.760317	299.459
160	0.283388	0.720804	0.282769	302.853
161	0.305678	0.305526	0.305408	303.117
162	0.15148	0.835383	0.219486	303.804
163	0.179429	0.179299	0.213451	353.325
164	0.198294	0.327318	0.521538	317.46
165	0.725556	0.69367	0.697143	299.946
166	0.828419	0.225215	0.828376	300.916
167	0.478562	0.247662	0.532981	314.33
168	0.175039	0.840456	0.409637	263.481
169	0.761234	0.226611	0.580463	294.789
170	0.672618	0.43436	0.330305	299.33
171	0.360582	0.62949	0.638563	301.513
172	0.184025	0.760585	0.615611	305.055
173	0.514432	0.704254	0.79952	301.063
174	0.246813	0.247141	0.760879	301.75
175	0.615447	0.190602	0.752834	306.29
176	0.236787	0.812523	0.812634	281.888
177	0.193392	0.563118	0.480637	299.633
178	0.191071	0.485681	0.697047	301.672
179	0.845769	0.766027	0.820424	300
180	0.439175	0.490115	0.432526	295.869
181	0.836546	0.174431	0.410431	297.981
182	0.156238	0.412568	0.855844	300.492
183	0.416748	0.40549	0.702266	295.898
184	0.327318	0.521538	0.180707	301.868
185	0.410067	0.151241	0.758494	294.041
186	0.328654	0.524698	0.84524	301.689
187	0.548434	0.721895	0.241406	299.89
188	0.637966	0.188847	0.427751	311.398
189	0.828313	0.575713	0.80766	299.985
190	0.783435	0.833783	0.579325	299.972
191	0.836194	0.150096	0.219509	313.526
192	0.538394	0.775529	0.572137	299.631
193	0.776532	0.615948	0.210948	300.11
194	0.809733	0.530719	0.610934	300.603
195	0.812472	0.417174	0.182871	300.57
196	0.613498	0.419709	0.59135	297.727
197	0.505319	0.318845	0.343942	311.52
198	0.825574	0.825629	0.227261	300.06
199	0.355004	0.758173	0.474811	300.639
200	0.654645	0.267259	0.191684	290.069
201	0.410539	0.837518	0.173515	298.757
202	0.630871	0.54191	0.816621	300.456
203	0.410209	0.852749	0.759572	307.913
204	0.311378	0.174253	0.594586	311.823
205	0.81225	0.365536	0.450725	300.773
206	0.595875	0.859043	0.730497	300.051
207	0.802982	0.56223	0.413058	299.944
208	0.602241	0.619035	0.41476	301.036
209	0.528995	0.443551	0.168462	297.669
210	0.438897	0.193776	0.19257	348.667
211

0	0	0	0	670.859
1	0	0	0.8	2891.24
2	0	0.2	1	1702.26
3	0	0.4	1	1862.48
4	0	0.6	1	-1264.19
5	0	0.8	1	299.959
6	0	1	0	-2675.39
7	0	1	0.4	-9338.36
8	0	1	0.6	-8345.48
9	0	0.2	0	332.82
10	0	0.4	0	375.858
11	0	0.6	0	-465.755
12	0	0.8	0	6245.19
13	0	0.134949	0.134513	205.327
14	0	0.303492	0.170906	108.804
15	0	0.734786	0.181183	65.9193
16	0	0.515254	0.186401	649.649
17	0	0.841042	0.33154	-2449.03
18	0	0.180143	0.735161	3863.53
19	0	0.327733	0.842893	-9144.66
20	0	0.813268	0.726265	-422.495
21	0	0.817903	0.507285	42028.3
22	0	0.661471	0.8333	2465.82
23	0	0.492514	0.824644	3622.29
24	0	0.17106	0.30326	4646.44
25	0	0.188341	0.512387	1668.59
26	0	0.651561	0.370745	-1719.09
27	0	0.600235	0.617008	-24704.6
28	0	0.399288	0.402296	-112.094
29	0	0.364782	0.655683	3388.05
30	1	0	1	502.546
31	1	0	0.8	294.45
32	1	1	1	499.985
33	1	0.2	1	497.091
34	1	0.4	1	500.262
35	1	0.6	1	500.056
36	1	0.8	1	499.992
37	1	1	0.6	300.077
38	1	1	0.8	300.079
39	1	0.134949	0.134513	298.62
40	1	0.303492	0.170906	297.783
41	1	0.734786	0.181183	299.895
42	1	0.515254	0.186401	300.297
43	1	0.841042	0.33154	300.001
44	1	0.180143	0.735161	326.675
45	1	0.327733	0.842893	295.1
46	1	0.813268	0.726265	300.094
47	1	0.817903	0.507285	299.978
48	1	0.661471	0.8333	299.915
49	1	0.492514	0.824644	299.937
50	1	0.17106	0.30326	304.147
51	1	0.188341	0.512387	292.986
52	1	0.651561	0.370745	300.001
53	1	0.600235	0.617008	299.853
54	1	0.399288	0.402296	299.805
55	1	0.364782	0.655683	300.93
56	1	0	0.2	282.297
57	1	0	0.4	399.841
58	1	0	0.6	288.466
59	0	0	1	-986.016
60	0.2	0	1	43.7233
61	0.4	0	1	958.262
62	0.6	0	1	493.761
63	0.8	0	1	499.325
64	0	0	0.2	-2654.73
65	0	0	0.4	4800.06
66	0	0	0.6	-51291
67	0.134513	0	0.134949	242.733
68	0.170906	0	0.303492	4394.19
69	0.181183	0	0.734786	2650.19
70	0.186401	0	0.515254	-995.555
71	0.33154	0	0.841042	-1705.79
72	0.735161	0	0.180143	293.026
73	0.842893	0	0.327733	334.007
74	0.726265	0	0.813268	310.024
75	0.507285	0	0.817903	181.273
76	0.8333	0	0.661471	295.15
77	0.824644	0	0.492514	285.478
78	0.30326	0	0.17106	-81.8697
79	0.512387	0	0.188341	336.467
80	0.370745	0	0.651561	310.657
81	0.617008	0	0.600235	324.271
82	0.402296	0	0.399288	143.568
83	0.655683	0	0.364782	304.743
84	1	1	0.2	299.957
85	1	1	0.4	299.987
86	0	1	1	453.317
87	0.2	1	1	469.926
88	0.4	1	1	503.308
89	0.6	1	1	500.275
90	0.8	1	1	499.973
91	0	1	0.2	299.3
92	0	1	0.8	448.081
93	0.134513	1	0.134949	304.31
94	0.170906	1	0.303492	305.817
95	0.181183	1	0.734786	338.221
96	0.186401	1	0.515254	302.071
97	0.33154	1	0.841042	300.922
98	0.735161	1	0.180143	300.143
99	0.842893	1	0.327733	300.091
100	0.726265	1	0.813268	299.915
101	0.507285	1	0.817903	299.893
102	0.8333	1	0.661471	299.606
103	0.824644	1	0.492514	299.976
104	0.30326	1	0.17106	296.896
105	0.512387	1	0.188341	299.916
106	0.370745	1	0.651561	290.03
107	0.617008	1	0.600235	301.357
108	0.402296	1	0.399288	303.596
109	0.655683	1	0.364782	299.426
110	1	1	0	299.988
111	0.2	1	0	303.29
112	0.4	1	0	301.032
113	0.6	1	0	299.903
114	0.8	1	0	299.981
115	1	0	0	303.573
116	1	0.2	0	298.656
117	1	0.4	0	298.405
118	1	0.6	0	300.223
119	1	0.8	0	300.004
120	0.2	0	0	393.416
121	0.4	0	0	353.817
122	0.6	0	0	296.771
123	0.8	0	0	298.051
124	0.134949	0.134513	0	333.632
125	0.303492	0.170906	0	331.342
126	0.734786	0.181183	0	303.593
127	0.515254	0.186401	0	277.326
128	0.841042	0.33154	0	297.609
129	0.180143	0.735161	0	292.403
130	0.327733	0.842893	0	299.598
131	0.813268	0.726265	0	299.955
132	0.817903	0.507285	0	299.278
133	0.661471	0.8333	0	299.922
134	0.492514	0.824644	0	299.938
135	0.17106	0.30326	0	289.281
136	0.188341	0.512387	0	303.786
137	0.651561	0.370745	0	307.802
138	0.600235	0.617008	0	300.683
139	0.399288	0.402296	0	290.747
140	0.364782	0.655683	0	301.301
141	0.134949	0.134513	1	506.465
142	0.303492	0.170906	1	499.71
143	0.734786	0.181183	1	497.141
144	0.515254	0.186401	1	501.174
145	0.841042	0.33154	1	503.562
146	0.180143	0.735161	1	538.578
147	0.327733	0.842893	1	503.755
148	0.813268	0.726265	1	500
149	0.817903	0.507285	1	499.849
150	0.661471	0.8333	1	500.129
151	0.492514	0.824644	1	497.68
152	0.17106	0.30326	1	497.81
153	0.188341	0.512387	1	501.331
154	0.651561	0.370745	1	498.511
155	0.600235	0.617008	1	499.864
156	0.399288	0.402296	1	500.598
157	0.364782	0.655683	1	497.61
158	0.758043	0.757445	0.404998	299.961
159	0.763001	0.401989	0.760317	299.455
160	0.283388	0.720804	0.282769	302.853
161	0.305678	0.305526	0.305408	303.117
162	0.15148	0.835383	0.219486	303.803
163	0.179429	0.179299	0.213451	353.328
164	0.198294	0.327318	0.521538	317.462
165	0.725556	0.69367	0.697143	299.946
166	0.828419	0.225215	0.828376	301.011
167	0.478562	0.247662	0.532981	314.324
168	0.175039	0.840456	0.409637	263.487
169	0.761234	0.226611	0.580463	294.788
170	0.672618	0.43436	0.330305	299.329
171	0.360582	0.62949	0.638563	301.511
172	0.184025	0.760585	0.615611	305.056
173	0.514432	0.704254	0.79952	301.064
174	0.246813	0.247141	0.760879	301.735
175	0.615447	0.190602	0.752834	306.182
176	0.236787	0.812523	0.812634	281.889
177	0.193392	0.563118	0.480637	299.632
178	0.191071	0.485681	0.697047	301.673
179	0.845769	0.766027	0.820424	300
180	0.439175	0.490115	0.432526	295.868
181	0.836546	0.174431	0.410431	297.983
182	0.156238	0.412568	0.855844	300.493
183	0.416748	0.40549	0.702266	295.91
184	0.327318	0.521538	0.180707	301.868
185	0.410067	0.151241	0.758494	294.134
186	0.328654	0.524698	0.84524	301.688
187	0.548434	0.721895	0.241406	299.89
188	0.637966	0.188847	0.427751	311.392
189	0.828313	0.575713	0.80766	299.988
190	0.783435	0.833783	0.579325	299.972
191	0.836194	0.150096	0.219509	313.527
192	0.538394	0.775529	0.572137	299.631
193	0.776532	0.615948	0.210948	300.11
194	0.809733	0.530719	0.610934	300.603
195	0.812472	0.417174	0.182871	300.57
196	0.613498	0.419709	0.59135	297.736
197	0.505319	0.318845	0.343942	311.521
198	0.825574	0.825629	0.227261	300.059
199	0.355004	0.758173	0.474811	300.639
200	0.654645	0.267259	0.191684	290.069
201	0.410539	0.837518	0.173515	298.757
202	0.630871	0.54191	0.816621	300.45
203	0.410209	0.852749	0.759572	307.913
204	0.311378	0.174253	0.594586	311.816
205	0.81225	0.365536	0.450725	300.772
206	0.595875	0.859043	0.730497	300.051
207	0.802982	0.56223	0.413058	299.943
208	0.602241	0.619035	0.41476	301.035
209	0.528995	0.443551	0.168462	297.668
210	0.438897	0.193776	0.19257	348.667
211

0	0	0	0	670.86
1	0	0	0.8	2891.22
2	0	0.2	1	1702.25
3	0	0.4	1	1862.47
4	0	0.6	1	-1264.19
5	0	0.8	1	299.96
6	0	1	0	-2675.38
7	0	1	0.4	-9338.35
8	0	1	0.6	-8345.47
9	0	0.2	0	332.822
10	0	0.4	0	375.857
11	0	0.6	0	-465.753
12	0	0.8	0	6245.19
13	0	0.134949	0.134513	205.318
14	0	0.303492	0.170906	108.804
15	0	0.734786	0.181183	65.9201
16	0	0.515254	0.186401	649.648
17	0	0.841042	0.33154	-2449.03
18	0	0.180143	0.735161	3863.51
19	0	0.327733	0.842893	-9144.65
20	0	0.813268	0.726265	-422.496
21	0	0.817903	0.507285	42028.3
22	0	0.661471	0.8333	2465.82
23	0	0.492514	0.824644	3622.28
24	0	0.17106	0.30326	4646.43
25	0	0.188341	0.512387	1668.59
26	0	0.651561	0.370745	-1719.09
27	0	0.600235	0.617008	-24704.5
28	0	0.399288	0.402296	-112.095
29	0	0.364782	0.655683	3388.05
30	1	0	1	502.537
31	1	0	0.8	294.453
32	1	1	1	499.985
33	1	0.2	1	497.201
34	1	0.4	1	500.363
35	1	0.6	1	500.049
36	1	0.8	1	500.001
37	1	1	0.6	300.079
38	1	1	0.8	300.072
39	1	0.134949	0.134513	298.619
40	1	0.303492	0.170906	297.783
41	1	0.734786	0.181183	299.894
42	1	0.515254	0.186401	300.295
43	1	0.841042	0.33154	300.006
44	1	0.180143	0.735161	326.692
45	1	0.327733	0.842893	294.538
46	1	0.813268	0.726265	300.124
47	1	0.817903	0.507285	299.942
48	1	0.661471	0.8333	299.851
49	1	0.492514	0.824644	299.994
50	1	0.17106	0.30326	304.134
51	1	0.188341	0.512387	292.994
52	1	0.651561	0.370745	300.004
53	1	0.600235	0.617008	299.854
54	1	0.399288	0.402296	299.816
55	1	0.364782	0.655683	300.913
56	1	0	0.2	282.307
57	1	0	0.4	399.718
58	1	0	0.6	288.473
59	0	0	1	-986.007
60	0.2	0	1	43.7261
61	0.4	0	1	958.262
62	0.6	0	1	493.755
63	0.8	0	1	499.325
64	0	0	0.2	-2654.72
65	0	0	0.4	4800.02
66	0	0	0.6	-51290.7
67	0.134513	0	0.134949	242.731
68	0.170906	0	0.303492	4394.19
69	0.181183	0	0.734786	2650.18
70	0.186401	0	0.515254	-995.601
71	0.33154	0	0.841042	-1705.79
72	0.735161	0	0.180143	293.026
73	0.842893	0	0.327733	334.007
74	0.726265	0	0.813268	310.034
75	0.507285	0	0.817903	181.272
76	0.8333	0	0.661471	295.152
77	0.824644	0	0.492514	285.477
78	0.30326	0	0.17106	-81.8718
79	0.512387	0	0.188341	336.467
80	0.370745	0	0.651561	310.661
81	0.617008	0	0.600235	324.27
82	0.402296	0	0.399288	143.571
83	0.655683	0	0.364782	304.743
84	1	1	0.2	299.957
85	1	1	0.4	299.987
86	0	1	1	453.317
87	0.2	1	1	469.926
88	0.4	1	1	503.307
89	0.6	1	1	500.277
90	0.8	1	1	499.974
91	0	1	0.2	299.3
92	0	1	0.8	448.081
93	0.134513	1	0.134949	304.311
94	0.170906	1	0.303492	305.814
95	0.181183	1	0.734786	338.218
96	0.186401	1	0.515254	302.071
97	0.33154	1	0.841042	300.922
98	0.735161	1	0.180143	300.143
99	0.842893	1	0.327733	300.091
100	0.726265	1	0.813268	299.916
101	0.507285	1	0.817903	299.894
102	0.8333	1	0.661471	299.605
103	0.824644	1	0.492514	299.976
104	0.30326	1	0.17106	296.896
105	0.512387	1	0.188341	299.916
106	0.370745	1	0.651561	290.03
107	0.617008	1	0.600235	301.357
108	0.402296	1	0.399288	303.596
109	0.655683	1	0.364782	299.426
110	1	1	0	299.989
111	0.2	1	0	303.291
112	0.4	1	0	301.032
113	0.6	1	0	299.903
114	0.8	1	0	299.981
115	1	0	0	303.573
116	1	0.2	0	298.656
117	1	0.4	0	298.405
118	1	0.6	0	300.223
119	1	0.8	0	300.004
120	0.2	0	0	393.415
121	0.4	0	0	353.818
122	0.6	0	0	296.771
123	0.8	0	0	298.051
124	0.134949	0.134513	0	333.634
125	0.303492	0.170906	0	331.341
126	0.734786	0.181183	0	303.593
127	0.515254	0.186401	0	277.326
128	0.841042	0.33154	0	297.609
129	0.180143	0.735161	0	292.403
130	0.327733	0.842893	0	299.598
131	0.813268	0.726265	0	299.955
132	0.817903	0.507285	0	299.278
133	0.661471	0.8333	0	299.922
134	0.492514	0.824644	0	299.938
135	0.17106	0.30326	0	289.28
136	0.188341	0.512387	0	303.786
137	0.651561	0.370745	0	307.801
138	0.600235	0.617008	0	300.683
139	0.399288	0.402296	0	290.747
140	0.364782	0.655683	0	301.301
141	0.134949	0.134513	1	506.472
142	0.303492	0.170906	1	499.709
143	0.734786	0.181183	1	497.155
144	0.515254	0.186401	1	501.173
145	0.841042	0.33154	1	503.532
146	0.180143	0.735161	1	538.577
147	0.327733	0.842893	1	503.755
148	0.813268	0.726265	1	500.001
149	0.817903	0.507285	1	499.849
150	0.661471	0.8333	1	500.12
151	0.492514	0.824644	1	497.681
152	0.17106	0.30326	1	497.807
153	0.188341	0.512387	1	501.334
154	0.651561	0.370745	1	498.516
155	0.600235	0.617008	1	499.865
156	0.399288	0.402296	1	500.598
157	0.364782	0.655683	1	497.609
158	0.758043	0.757445	0.404998	299.961
159	0.763001	0.401989	0.760317	299.469
160	0.283388	0.720804	0.282769	302.852
161	0.305678	0.305526	0.305408	303.118
162	0.15148	0.835383	0.219486	303.803
163	0.179429	0.179299	0.213451	353.334
164	0.198294	0.327318	0.521538	317.467
165	0.725556	0.69367	0.697143	299.947
166	0.828419	0.225215	0.828376	300.961
167	0.478562	0.247662	0.532981	314.322
168	0.175039	0.840456	0.409637	263.493
169	0.761234	0.226611	0.580463	294.791
170	0.672618	0.43436	0.330305	299.33
171	0.360582	0.62949	0.638563	301.511
172	0.184025	0.760585	0.615611	305.056
173	0.514432	0.704254	0.79952	301.064
174	0.246813	0.247141	0.760879	301.736
175	0.615447	0.190602	0.752834	306.183
176	0.236787	0.812523	0.812634	281.889
177	0.193392	0.563118	0.480637	299.631
178	0.191071	0.485681	0.697047	301.673
179	0.845769	0.766027	0.820424	300.001
180	0.439175	0.490115	0.432526	295.868
181	0.836546	0.174431	0.410431	297.983
182	0.156238	0.412568	0.855844	300.493
183	0.416748	0.40549	0.702266	295.909
184	0.327318	0.521538	0.180707	301.868
185	0.410067	0.151241	0.758494	294.133
186	0.328654	0.524698	0.84524	301.689
187	0.548434	0.721895	0.241406	299.89
188	0.637966	0.188847	0.427751	311.392
189	0.828313	0.575713	0.80766	299.986
190	0.783435	0.833783	0.579325	299.972
191	0.836194	0.150096	0.219509	313.526
192	0.538394	0.775529	0.572137	299.631
193	0.776532	0.615948	0.210948	300.11
194	0.809733	0.530719	0.610934	300.601
195	0.812472	0.417174	0.182871	300.57
196	0.613498	0.419709	0.59135	297.735
197	0.505319	0.318845	0.343942	311.521
198	0.825574	0.825629	0.227261	300.059
199	0.355004	0.758173	0.474811	300.639
200	0.654645	0.267259	0.191684	290.069
201	0.410539	0.837518	0.173515	298.757
202	0.630871	0.54191	0.816621	300.447
203	0.410209	0.852749	0.759572	307.913
204	0.311378	0.174253	0.594586	311.827
205	0.81225	0.365536	0.450725	300.772
206	0.595875	0.859043	0.730497	300.052
207	0.802982	0.56223	0.413058	299.943
208	0.602241	0.619035	0.41476	301.035
209	0.528995	0.443551	0.168462	297.668
210	0.438897	0.193776	0.19257	348.666
211

0	0	0	0	670.861
1	0	0	0.8	2891.22
2	0	0.2	1	1702.25
3	0	0.4	1	1862.47
4	0	0.6	1	-1264.19
5	0	0.8	1	299.96
6	0	1	0	-2675.37
7	0	1	0.4	-9338.34
8	0	1	0.6	-8345.45
9	0	0.2	0	332.825
10	0	0.4	0	375.857
11	0	0.6	0	-465.751
12	0	0.8	0	6245.18
13	0	0.134949	0.134513	205.304
14	0	0.303492	0.170906	108.803
15	0	0.734786	0.181183	65.9208
16	0	0.515254	0.186401	649.648
17	0	0.841042	0.33154	-2449.03
18	0	0.180143	0.735161	3863.5
19	0	0.327733	0.842893	-9144.64
20	0	0.813268	0.726265	-422.496
21	0	0.817903	0.507285	42028.3
22	0	0.661471	0.8333	2465.81
23	0	0.492514	0.824644	3622.28
24	0	0.17106	0.30326	4646.5
25	0	0.188341	0.512387	1668.58
26	0	0.651561	0.370745	-1719.08
27	0	0.600235	0.617008	-24704.5
28	0	0.399288	0.402296	-112.1
29	0	0.364782	0.655683	3388.05
30	1	0	1	502.499
31	1	0	0.8	294.488
32	1	1	1	499.985
33	1	0.2	1	497.26
34	1	0.4	1	500.408
35	1	0.6	1	500.04
36	1	0.8	1	499.997
37	1	1	0.6	300.074
38	1	1	0.8	300.074
39	1	0.134949	0.134513	298.618
40	1	0.303492	0.170906	297.783
41	1	0.734786	0.181183	299.895
42	1	0.515254	0.186401	300.295
43	1	0.841042	0.33154	300.002
44	1	0.180143	0.735161	326.435
45	1	0.327733	0.842893	294.319
46	1	0.813268	0.726265	300.115
47	1	0.817903	0.507285	299.969
48	1	0.661471	0.8333	299.875
49	1	0.492514	0.824644	299.995
50	1	0.17106	0.30326	304.136
51	1	0.188341	0.512387	293.003
52	1	0.651561	0.370745	300.002
53	1	0.600235	0.617008	299.84
54	1	0.399288	0.402296	299.817
55	1	0.364782	0.655683	301.067
56	1	0	0.2	282.308
57	1	0	0.4	399.709
58	1	0	0.6	288.535
59	0	0	1	-986.002
60	0.2	0	1	43.7262
61	0.4	0	1	958.26
62	0.6	0	1	493.761
63	0.8	0	1	499.305
64	0	0	0.2	-2654.72
65	0	0	0.4	4800
66	0	0	0.6	-51290.6
67	0.134513	0	0.134949	242.737
68	0.170906	0	0.303492	4394.18
69	0.181183	0	0.734786	2650.18
70	0.186401	0	0.515254	-995.597
71	0.33154	0	0.841042	-1705.79
72	0.735161	0	0.180143	293.025
73	0.842893	0	0.327733	334.007
74	0.726265	0	0.813268	310.027
75	0.507285	0	0.817903	181.272
76	0.8333	0	0.661471	295.145
77	0.824644	0	0.492514	285.478
78	0.30326	0	0.17106	-81.8805
79	0.512387	0	0.188341	336.467
80	0.370745	0	0.651561	310.66
81	0.617008	0	0.600235	324.271
82	0.402296	0	0.399288	143.572
83	0.655683	0	0.364782	304.742
84	1	1	0.2	299.957
85	1	1	0.4	299.986
86	0	1	1	453.317
87	0.2	1	1	469.927
88	0.4	1	1	503.307
89	0.6	1	1	500.277
90	0.8	1	1	499.974
91	0	1	0.2	299.3
92	0	1	0.8	448.08
93	0.134513	1	0.134949	304.312
94	0.170906	1	0.303492	305.811
95	0.181183	1	0.734786	338.215
96	0.186401	1	0.515254	302.071
97	0.33154	1	0.841042	300.923
98	0.735161	1	0.180143	300.143
99	0.842893	1	0.327733	300.091
100	0.726265	1	0.813268	299.915
101	0.507285	1	0.817903	299.894
102	0.8333	1	0.661471	299.605
103	0.824644	1	0.492514	299.975
104	0.30326	1	0.17106	296.897
105	0.512387	1	0.188341	299.916
106	0.370745	1	0.651561	290.03
107	0.617008	1	0.600235	301.357
108	0.402296	1	0.399288	303.596
109	0.655683	1	0.364782	299.426
110	1	1	0	299.989
111	0.2	1	0	303.291
112	0.4	1	0	301.032
113	0.6	1	0	299.903
114	0.8	1	0	299.981
115	1	0	0	303.573
116	1	0.2	0	298.657
117	1	0.4	0	298.405
118	1	0.6	0	300.223
119	1	0.8	0	300.004
120	0.2	0	0	393.415
121	0.4	0	0	353.82
122	0.6	0	0	296.771
123	0.8	0	0	298.051
124	0.134949	0.134513	0	333.638
125	0.303492	0.170906	0	331.342
126	0.734786	0.181183	0	303.593
127	0.515254	0.186401	0	277.325
128	0.841042	0.33154	0	297.608
129	0.180143	0.735161	0	292.404
130	0.327733	0.842893	0	299.598
131	0.813268	0.726265	0	299.955
132	0.817903	0.507285	0	299.278
133	0.661471	0.8333	0	299.922
134	0.492514	0.824644	0	299.938
135	0.17106	0.30326	0	289.282
136	0.188341	0.512387	0	303.786
137	0.651561	0.370745	0	307.802
138	0.600235	0.617008	0	300.683
139	0.399288	0.402296	0	290.747
140	0.364782	0.655683	0	301.301
141	0.134949	0.134513	1	506.474
142	0.303492	0.170906	1	499.709
143	0.734786	0.181183	1	497.146
144	0.515254	0.186401	1	501.174
145	0.841042	0.33154	1	503.525
146	0.180143	0.735161	1	538.577
147	0.327733	0.842893	1	503.755
148	0.813268	0.726265	1	500.001
149	0.817903	0.507285	1	499.85
150	0.661471	0.8333	1	500.12
151	0.492514	0.824644	1	497.681
152	0.17106	0.30326	1	497.805
153	0.188341	0.512387	1	501.338
154	0.651561	0.370745	1	498.514
155	0.600235	0.617008	1	499.865
156	0.399288	0.402296	1	500.598
157	0.364782	0.655683	1	497.609
158	0.758043	0.757445	0.404998	299.961
159	0.763001	0.401989	0.760317	299.466
160	0.283388	0.720804	0.282769	302.851
161	0.305678	0.305526	0.305408	303.116
162	0.15148	0.835383	0.219486	303.802
163	0.179429	0.179299	0.213451	353.333
164	0.198294	0.327318	0.521538	317.465
165	0.725556	0.69367	0.697143	299.947
166	0.828419	0.225215	0.828376	300.99
167	0.478562	0.247662	0.532981	314.322
168	0.175039	0.840456	0.409637	263.499
169	0.761234	0.226611	0.580463	294.79
170	0.672618	0.43436	0.330305	299.329
171	0.360582	0.62949	0.638563	301.511
172	0.184025	0.760585	0.615611	305.057
173	0.514432	0.704254	0.79952	301.064
174	0.246813	0.247141	0.760879	301.736
175	0.615447	0.190602	0.752834	306.182
176	0.236787	0.812523	0.812634	281.89
177	0.193392	0.563118	0.480637	299.631
178	0.191071	0.485681	0.697047	301.674
179	0.845769	0.766027	0.820424	300.001
180	0.439175	0.490115	0.432526	295.869
181	0.836546	0.174431	0.410431	297.982
182	0.156238	0.412568	0.855844	300.492
183	0.416748	0.40549	0.702266	295.909
184	0.327318	0.521538	0.180707	301.869
185	0.410067	0.151241	0.758494	294.133
186	0.328654	0.524698	0.84524	301.689
187	0.548434	0.721895	0.241406	299.89
188	0.637966	0.188847	0.427751	311.392
189	0.828313	0.575713	0.80766	299.986
190	0.783435	0.833783	0.579325	299.972
191	0.836194	0.150096	0.219509	313.526
192	0.538394	0.775529	0.572137	299.631
193	0.776532	0.615948	0.210948	300.11
194	0.809733	0.530719	0.610934	300.602
195	0.812472	0.417174	0.182871	300.57
196	0.613498	0.419709	0.59135	297.736
197	0.505319	0.318845	0.343942	311.521
198	0.825574	0.825629	0.227261	300.059
199	0.355004	0.758173	0.474811	300.638
200	0.654645	0.267259	0.191684	290.069
201	0.410539	0.837518	0.173515	298.757
202	0.630871	0.54191	0.816621	300.448
203	0.410209	0.852749	0.759572	307.912
204	0.311378	0.174253	0.594586	311.828
205	0.81225	0.365536	0.450725	300.772
206	0.595875	0.859043	0.730497	300.052
207	0.802982	0.56223	0.413058	299.943
208	0.602241	0.619035	0.41476	301.035
209	0.528995	0.443551	0.168462	297.668
210	0.438897	0.193776	0.19257	348.667
211

0	0	0	0	670.861
1	0	0	0.8	2891.21
2	0	0.2	1	1702.24
3	0	0.4	1	1862.47
4	0	0.6	1	-1264.18
5	0	0.8	1	299.961
6	0	1	0	-2675.37
7	0	1	0.4	-9338.33
8	0	1	0.6	-8345.44
9	0	0.2	0	332.828
10	0	0.4	0	375.856
11	0	0.6	0	-465.75
12	0	0.8	0	6245.18
13	0	0.134949	0.134513	205.29
14	0	0.303492	0.170906	108.801
15	0	0.734786	0.181183	65.9214
16	0	0.515254	0.186401	649.649
17	0	0.841042	0.33154	-2449.03
18	0	0.180143	0.735161	3863.5
19	0	0.327733	0.842893	-9144.63
20	0	0.813268	0.726265	-422.497
21	0	0.817903	0.507285	42028.2
22	0	0.661471	0.8333	2465.81
23	0	0.492514	0.824644	3622.27
24	0	0.17106	0.30326	4646.56
25	0	0.188341	0.512387	1668.57
26	0	0.651561	0.370745	-1719.08
27	0	0.600235	0.617008	-24704.5
28	0	0.399288	0.402296	-112.106
29	0	0.364782	0.655683	3388.05
30	1	0	1	502.461
31	1	0	0.8	294.523
32	1	1	1	499.985
33	1	0.2	1	497.32
34	1	0.4	1	500.453
35	1	0.6	1	500.03
36	1	0.8	1	499.994
37	1	1	0.6	300.069
38	1	1	0.8	300.077
39	1	0.134949	0.134513	298.618
40	1	0.303492	0.170906	297.783
41	1	0.734786	0.181183	299.895
42	1	0.515254	0.186401	300.295
43	1	0.841042	0.33154	299.998
44	1	0.180143	0.735161	326.178
45	1	0.327733	0.842893	294.099
46	1	0.813268	0.726265	300.106
47	1	0.817903	0.507285	299.997
48	1	0.661471	0.8333	299.899
49	1	0.492514	0.824644	299.996
50	1	0.17106	0.30326	304.137
51	1	0.188341	0.512387	293.012
52	1	0.651561	0.370745	300.001
53	1	0.600235	0.617008	299.827
54	1	0.399288	0.402296	299.818
55	1	0.364782	0.655683	301.222
56	1	0	0.2	282.308
57	1	0	0.4	399.699
58	1	0	0.6	288.598
59	0	0	1	-985.998
60	0.2	0	1	43.7262
61	0.4	0	1	958.258
62	0.6	0	1	493.767
63	0.8	0	1	499.285
64	0	0	0.2	-2654.73
65	0	0	0.4	4799.98
66	0	0	0.6	-51290.6
67	0.134513	0	0.134949	242.743
68	0.170906	0	0.303492	4394.17
69	0.181183	0	0.734786	2650.18
70	0.186401	0	0.515254	-995.594
71	0.33154	0	0.841042	-1705.79
72	0.735161	0	0.180143	293.025
73	0.842893	0	0.327733	334.007
74	0.726265	0	0.813268	310.02
75	0.507285	0	0.817903	181.272
76	0.8333	0	0.661471	295.138
77	0.824644	0	0.492514	285.478
78	0.30326	0	0.17106	-81.8892
79	0.512387	0	0.188341	336.467
80	0.370745	0	0.651561	310.659
81	0.617008	0	0.600235	324.272
82	0.402296	0	0.399288	143.574
83	0.655683	0	0.364782	304.742
84	1	1	0.2	299.957
85	1	1	0.4	299.986
86	0	1	1	453.317
87	0.2	1	1	469.927
88	0.4	1	1	503.307
89	0.6	1	1	500.277
90	0.8	1	1	499.974
91	0	1	0.2	299.3
92	0	1	0.8	448.079
93	0.134513	1	0.134949	304.314
94	0.170906	1	0.303492	305.807
95	0.181183	1	0.734786	338.212
96	0.186401	1	0.515254	302.071
97	0.33154	1	0.841042	300.923
98	0.735161	1	0.180143	300.143
99	0.842893	1	0.327733	300.091
100	0.726265	1	0.813268	299.915
101	0.507285	1	0.817903	299.894
102	0.8333	1	0.661471	299.604
103	0.824644	1	0.492514	299.975
104	0.30326	1	0.17106	296.898
105	0.512387	1	0.188341	299.916
106	0.370745	1	0.651561	290.031
107	0.617008	1	0.600235	301.357
108	0.402296	1	0.399288	303.596
109	0.655683	1	0.364782	299.427
110	1	1	0	299.989
111	0.2	1	0	303.292
112	0.4	1	0	301.032
113	0.6	1	0	299.903
114	0.8	1	0	299.981
115	1	0	0	303.573
116	1	0.2	0	298.657
117	1	0.4	0	298.405
118	1	0.6	0	300.223
119	1	0.8	0	300.004
120	0.2	0	0	393.414
121	0.4	0	0	353.822
122	0.6	0	0	296.771
123	0.8	0	0	298.051
124	0.134949	0.134513	0	333.642
125	0.303492	0.170906	0	331.343
126	0.734786	0.181183	0	303.593
127	0.515254	0.186401	0	277.325
128	0.841042	0.33154	0	297.608
129	0.180143	0.735161	0	292.404
130	0.327733	0.842893	0	299.597
131	0.813268	0.726265	0	299.955
132	0.817903	0.507285	0	299.278
133	0.661471	0.8333	0	299.922
134	0.492514	0.824644	0	299.938
135	0.17106	0.30326	0	289.284
136	0.188341	0.512387	0	303.786
137	0.651561	0.370745	0	307.802
138	0.600235	0.617008	0	300.683
139	0.399288	0.402296	0	290.747
140	0.364782	0.655683	0	301.301
141	0.134949	0.134513	1	506.475
142	0.303492	0.170906	1	499.709
143	0.734786	0.181183	1	497.136
144	0.515254	0.186401	1	501.175
145	0.841042	0.33154	1	503.518
146	0.180143	0.735161	1	538.576
147	0.327733	0.842893	1	503.755
148	0.813268	0.726265	1	500.001
149	0.817903	0.507285	1	499.851
150	0.661471	0.8333	1	500.12
151	0.492514	0.824644	1	497.681
152	0.17106	0.30326	1	497.803
153	0.188341	0.512387	1	501.342
154	0.651561	0.370745	1	498.512
155	0.600235	0.617008	1	499.865
156	0.399288	0.402296	1	500.598
157	0.364782	0.655683	1	497.609
158	0.758043	0.757445	0.404998	299.961
159	0.763001	0.401989	0.760317	299.464
160	0.283388	0.720804	0.282769	302.85
161	0.305678	0.305526	0.305408	303.114
162	0.15148	0.835383	0.219486	303.801
163	0.179429	0.179299	0.213451	353.332
164	0.198294	0.327318	0.521538	317.464
165	0.725556	0.69367	0.697143	299.947
166	0.828419	0.225215	0.828376	301.02
167	0.478562	0.247662	0.532981	314.322
168	0.175039	0.840456	0.409637	263.505
169	0.761234	0.226611	0.580463	294.789
170	0.672618	0.43436	0.330305	299.329
171	0.360582	0.62949	0.638563	301.51
172	0.184025	0.760585	0.615611	305.058
173	0.514432	0.704254	0.79952	301.064
174	0.246813	0.247141	0.760879	301.736
175	0.615447	0.190602	0.752834	306.181
176	0.236787	0.812523	0.812634	281.89
177	0.193392	0.563118	0.480637	299.632
178	0.191071	0.485681	0.697047	301.674
179	0.845769	0.766027	0.820424	300.001
180	0.439175	0.490115	0.432526	295.869
181	0.836546	0.174431	0.410431	297.982
182	0.156238	0.412568	0.855844	300.492
183	0.416748	0.40549	0.702266	295.909
184	0.327318	0.521538	0.180707	301.869
185	0.410067	0.151241	0.758494	294.133
186	0.328654	0.524698	0.84524	301.689
187	0.548434	0.721895	0.241406	299.89
188	0.637966	0.188847	0.427751	311.391
189	0.828313	0.575713	0.80766	299.985
190	0.783435	0.833783	0.579325	299.972
191	0.836194	0.150096	0.219509	313.526
192	0.538394	0.775529	0.572137	299.631
193	0.776532	0.615948	0.210948	300.11
194	0.809733	0.530719	0.610934	300.602
195	0.812472	0.417174	0.182871	300.57
196	0.613498	0.419709	0.59135	297.736
197	0.505319	0.318845	0.343942	311.521
198	0.825574	0.825629	0.227261	300.059
199	0.355004	0.758173	0.474811	300.637
200	0.654645	0.267259	0.191684	290.069
201	0.410539	0.837518	0.173515	298.757
202	0.630871	0.54191	0.816621	300.448
203	0.410209	0.852749	0.759572	307.912
204	0.311378	0.174253	0.594586	311.829
205	0.81225	0.365536	0.450725	300.772
206	0.595875	0.859043	0.730497	300.051
207	0.802982	0.56223	0.413058	299.943
208	0.602241	0.619035	0.41476	301.035
209	0.528995	0.443551	0.168462	297.668
210	0.438897	0.193776	0.19257	348.668
211

0	0	0	0	670.862
1	0	0	0.8	2891.21
2	0	0.2	1	1702.24
3	0	0.4	1	1862.46
4	0	0.6	1	-1264.18
5	0	0.8	1	299.962
6	0	1	0	-2675.36
7	0	1	0.4	-9338.31
8	0	1	0.6	-8345.42
9	0	0.2	0	332.832
10	0	0.4	0	375.856
11	0	0.6	0	-465.748
12	0	0.8	0	6245.17
13	0	0.134949	0.134513	205.276
14	0	0.303492	0.170906	108.8
15	0	0.734786	0.181183	65.9221
16	0	0.515254	0.186401	649.649
17	0	0.841042	0.33154	-2449.03
18	0	0.180143	0.735161	3863.49
19	0	0.327733	0.842893	-9144.62
20	0	0.813268	0.726265	-422.498
21	0	0.817903	0.507285	42028.2
22	0	0.661471	0.8333	2465.81
23	0	0.492514	0.824644	3622.27
24	0	0.17106	0.30326	4646.63
25	0	0.188341	0.512387	1668.57
26	0	0.651561	0.370745	-1719.07
27	0	0.600235	0.617008	-24704.5
28	0	0.399288	0.402296	-112.112
29	0	0.364782	0.655683	3388.04
30	1	0	1	502.422
31	1	0	0.8	294.559
32	1	1	1	499.985
33	1	0.2	1	497.379
34	1	0.4	1	500.498
35	1	0.6	1	500.02
36	1	0.8	1	499.991
37	1	1	0.6	300.064
38	1	1	0.8	300.079
39	1	0.134949	0.134513	298.617
40	1	0.303492	0.170906	297.782
41	1	0.734786	0.181183	299.896
42	1	0.515254	0.186401	300.295
43	1	0.841042	0.33154	299.994
44	1	0.180143	0.735161	325.921
45	1	0.327733	0.842893	293.88
46	1	0.813268	0.726265	300.098
47	1	0.817903	0.507285	300.024
48	1	0.661471	0.8333	299.923
49	1	0.492514	0.824644	299.996
50	1	0.17106	0.30326	304.139
51	1	0.188341	0.512387	293.021
52	1	0.651561	0.370745	299.999
53	1	0.600235	0.617008	299.813
54	1	0.399288	0.402296	299.819
55	1	0.364782	0.655683	301.377
56	1	0	0.2	282.309
57	1	0	0.4	399.69
58	1	0	0.6	288.66
59	0	0	1	-985.993
60	0.2	0	1	43.7262
61	0.4	0	1	958.256
62	0.6	0	1	493.773
63	0.8	0	1	499.265
64	0	0	0.2	-2654.74
65	0	0	0.4	4799.96
66	0	0	0.6	-51290.6
67	0.134513	0	0.134949	242.75
68	0.170906	0	0.303492	4394.16
69	0.181183	0	0.734786	2650.18
70	0.186401	0	0.515254	-995.591
71	0.33154	0	0.841042	-1705.79
72	0.735161	0	0.180143	293.025
73	0.842893	0	0.327733	334.008
74	0.726265	0	0.813268	310.013
75	0.507285	0	0.817903	181.272
76	0.8333	0	0.661471	295.13
77	0.824644	0	0.492514	285.479
78	0.30326	0	0.17106	-81.8979
79	0.512387	0	0.188341	336.467
80	0.370745	0	0.651561	310.658
81	0.617008	0	0.600235	324.274
82	0.402296	0	0.399288	143.575
83	0.655683	0	0.364782	304.742
84	1	1	0.2	299.957
85	1	1	0.4	299.985
86	0	1	1	453.317
87	0.2	1	1	469.927
88	0.4	1	1	503.306
89	0.6	1	1	500.277
90	0.8	1	1	499.974
91	0	1	0.2	299.3
92	0	1	0.8	448.078
93	0.134513	1	0.134949	304.315
94	0.170906	1	0.303492	305.804
95	0.181183	1	0.734786	338.209
96	0.186401	1	0.515254	302.071
97	0.33154	1	0.841042	300.924
98	0.735161	1	0.180143	300.143
99	0.842893	1	0.327733	300.091
100	0.726265	1	0.813268	299.915
101	0.507285	1	0.817903	299.894
102	0.8333	1	0.661471	299.604
103	0.824644	1	0.492514	299.975
104	0.30326	1	0.17106	296.898
105	0.512387	1	0.188341	299.916
106	0.370745	1	0.651561	290.031
107	0.617008	1	0.600235	301.357
108	0.402296	1	0.399288	303.595
109	0.655683	1	0.364782	299.427
110	1	1	0	299.989
111	0.2	1	0	303.292
112	0.4	1	0	301.032
113	0.6	1	0	299.903
114	0.8	1	0	299.981
115	1	0	0	303.573
116	1	0.2	0	298.657
117	1	0.4	0	298.405
118	1	0.6	0	300.223
119	1	0.8	0	300.004
120	0.2	0	0	393.413
121	0.4	0	0	353.823
122	0.6	0	0	296.77
123	0.8	0	0	298.052
124	0.134949	0.134513	0	333.646
125	0.303492	0.170906	0	331.344
126	0.734786	0.181183	0	303.593
127	0.515254	0.186401	0	277.324
128	0.841042	0.33154	0	297.608
129	0.180143	0.735161	0	292.405
130	0.327733	0.842893	0	299.597
131	0.813268	0.726265	0	299.955
132	0.817903	0.507285	0	299.278
133	0.661471	0.8333	0	299.922
134	0.492514	0.824644	0	299.938
135	0.17106	0.30326	0	289.285
136	0.188341	0.512387	0	303.785
137	0.651561	0.370745	0	307.802
138	0.600235	0.617008	0	300.683
139	0.399288	0.402296	0	290.747
140	0.364782	0.655683	0	301.301
141	0.134949	0.134513	1	506.477
142	0.303492	0.170906	1	499.708
143	0.734786	0.181183	1	497.126
144	0.515254	0.186401	1	501.176
145	0.841042	0.33154	1	503.511
146	0.180143	0.735161	1	538.576
147	0.327733	0.842893	1	503.754
148	0.813268	0.726265	1	500.001
149	0.817903	0.507285	1	499.852
150	0.661471	0.8333	1	500.12
151	0.492514	0.824644	1	497.681
152	0.17106	0.30326	1	497.801
153	0.188341	0.512387	1	501.345
154	0.651561	0.370745	1	498.511
155	0.600235	0.617008	1	499.865
156	0.399288	0.402296	1	500.599
157	0.364782	0.655683	1	497.608
158	0.758043	0.757445	0.404998	299.961
159	0.763001	0.401989	0.760317	299.462
160	0.283388	0.720804	0.282769	302.849
161	0.305678	0.305526	0.305408	303.111
162	0.15148	0.835383	0.219486	303.801
163	0.179429	0.179299	0.213451	353.331
164	0.198294	0.327318	0.521538	317.462
165	0.725556	0.69367	0.697143	299.947
166	0.828419	0.225215	0.828376	301.05
167	0.478562	0.247662	0.532981	314.322
168	0.175039	0.840456	0.409637	263.512
169	0.761234	0.226611	0.580463	294.788
170	0.672618	0.43436	0.330305	299.329
171	0.360582	0.62949	0.638563	301.51
172	0.184025	0.760585	0.615611	305.058
173	0.514432	0.704254	0.79952	301.064
174	0.246813	0.247141	0.760879	301.736
175	0.615447	0.190602	0.752834	306.18
176	0.236787	0.812523	0.812634	281.891
177	0.193392	0.563118	0.480637	299.632
178	0.191071	0.485681	0.697047	301.675
179	0.845769	0.766027	0.820424	300.001
180	0.439175	0.490115	0.432526	295.869
181	0.836546	0.174431	0.410431	297.982
182	0.156238	0.412568	0.855844	300.491
183	0.416748	0.40549	0.702266	295.909
184	0.327318	0.521538	0.180707	301.87
185	0.410067	0.151241	0.758494	294.133
186	0.328654	0.524698	0.84524	301.689
187	0.548434	0.721895	0.241406	299.89
188	0.637966	0.188847	0.427751	311.391
189	0.828313	0.575713	0.80766	299.985
190	0.783435	0.833783	0.579325	299.972
191	0.836194	0.150096	0.219509	313.526
192	0.538394	0.775529	0.572137	299.631
193	0.776532	0.615948	0.210948	300.11
194	0.809733	0.530719	0.610934	300.603
195	0.812472	0.417174	0.182871	300.57
196	0.613498	0.419709	0.59135	297.736
197	0.505319	0.318845	0.343942	311.521
198	0.825574	0.825629	0.227261	300.059
199	0.355004	0.758173	0.474811	300.637
200	0.654645	0.267259	0.191684	290.069
201	0.410539	0.837518	0.173515	298.757
202	0.630871	0.54191	0.816621	300.448
203	0.410209	0.852749	0.759572	307.912
204	0.311378	0.174253	0.594586	311.83
205	0.81225	0.365536	0.450725	300.772
206	0.595875	0.859043	0.730497	300.051
207	0.802982	0.56223	0.413058	299.943
208	0.602241	0.619035	0.41476	301.035
209	0.528995	0.443551	0.168462	297.668
210	0.438897	0.193776	0.19257	348.669
211

0	0	0	0	670.863
1	0	0	0.8	2891.2
2	0	0.2	1	1702.23
3	0	0.4	1	1862.46
4	0	0.6	1	-1264.17
5	0	0.8	1	299.962
6	0	1	0	-2675.35
7	0	1	0.4	-9338.3
8	0	1	0.6	-8345.4
9	0	0.2	0	332.835
10	0	0.4	0	375.855
11	0	0.6	0	-465.747
12	0	0.8	0	6245.17
13	0	0.134949	0.134513	205.262
14	0	0.303492	0.170906	108.798
15	0	0.734786	0.181183	65.9227
16	0	0.515254	0.186401	649.649
17	0	0.841042	0.33154	-2449.03
18	0	0.180143	0.735161	3863.49
19	0	0.327733	0.842893	-9144.61
20	0	0.813268	0.726265	-422.499
21	0	0.817903	0.507285	42028.2
22	0	0.661471	0.8333	2465.81
23	0	0.492514	0.824644	3622.26
24	0	0.17106	0.30326	4646.69
25	0	0.188341	0.512387	1668.56
26	0	0.651561	0.370745	-1719.07
27	0	0.600235	0.617008	-24704.5
28	0	0.399288	0.402296	-112.118
29	0	0.364782	0.655683	3388.04
30	1	0	1	502.384
31	1	0	0.8	294.594
32	1	1	1	499.985
33	1	0.2	1	497.439
34	1	0.4	1	500.543
35	1	0.6	1	500.011
36	1	0.8	1	499.988
37	1	1	0.6	300.058
38	1	1	0.8	300.081
39	1	0.134949	0.134513	298.617
40	1	0.303492	0.170906	297.782
41	1	0.734786	0.181183	299.896
42	1	0.515254	0.186401	300.295
43	1	0.841042	0.33154	299.99
44	1	0.180143	0.735161	325.664
45	1	0.327733	0.842893	293.661
46	1	0.813268	0.726265	300.089
47	1	0.817903	0.507285	300.051
48	1	0.661471	0.8333	299.947
49	1	0.492514	0.824644	299.997
50	1	0.17106	0.30326	304.141
51	1	0.188341	0.512387	293.03
52	1	0.651561	0.370745	299.998
53	1	0.600235	0.617008	299.8
54	1	0.399288	0.402296	299.82
55	1	0.364782	0.655683	301.531
56	1	0	0.2	282.309
57	1	0	0.4	399.681
58	1	0	0.6	288.723
59	0	0	1	-985.988
60	0.2	0	1	43.7263
61	0.4	0	1	958.254
62	0.6	0	1	493.779
63	0.8	0	1	499.245
64	0	0	0.2	-2654.74
65	0	0	0.4	4799.94
66	0	0	0.6	-51290.5
67	0.134513	0	0.134949	242.756
68	0.170906	0	0.303492	4394.15
69	0.181183	0	0.734786	2650.18
70	0.186401	0	0.515254	-995.587
71	0.33154	0	0.841042	-1705.78
72	0.735161	0	0.180143	293.025
73	0.842893	0	0.327733	334.008
74	0.726265	0	0.813268	310.006
75	0.507285	0	0.817903	181.272
76	0.8333	0	0.661471	295.123
77	0.824644	0	0.492514	285.48
78	0.30326	0	0.17106	-81.9065
79	0.512387	0	0.188341	336.467
80	0.370745	0	0.651561	310.657
81	0.617008	0	0.600235	324.275
82	0.402296	0	0.399288	143.577
83	0.655683	0	0.364782	304.742
84	1	1	0.2	299.957
85	1	1	0.4	299.985
86	0	1	1	453.317
87	0.2	1	1	469.927
88	0.4	1	1	503.306
89	0.6	1	1	500.277
90	0.8	1	1	499.974
91	0	1	0.2	299.3
92	0	1	0.8	448.077
93	0.134513	1	0.134949	304.316
94	0.170906	1	0.303492	305.801
95	0.181183	1	0.734786	338.206
96	0.186401	1	0.515254	302.07
97	0.33154	1	0.841042	300.924
98	0.735161	1	0.180143	300.143
99	0.842893	1	0.327733	300.091
100	0.726265	1	0.813268	299.914
101	0.507285	1	0.817903	299.895
102	0.8333	1	0.661471	299.604
103	0.824644	1	0.492514	299.975
104	0.30326	1	0.17106	296.899
105	0.512387	1	0.188341	299.916
106	0.370745	1	0.651561	290.031
107	0.617008	1	0.600235	301.357
108	0.402296	1	0.399288	303.595
109	0.655683	1	0.364782	299.427
110	1	1	0	299.989
111	0.2	1	0	303.293
112	0.4	1	0	301.032
113	0.6	1	0	299.903
114	0.8	1	0	299.981
115	1	0	0	303.573
116	1	0.2	0	298.657
117	1	0.4	0	298.405
118	1	0.6	0	300.223
119	1	0.8	0	300.004
120	0.2	0	0	393.413
121	0.4	0	0	353.825
122	0.6	0	0	296.77
123	0.8	0	0	298.052
124	0.134949	0.134513	0	333.65
125	0.303492	0.170906	0	331.346
126	0.734786	0.181183	0	303.593
127	0.515254	0.186401	0	277.324
128	0.841042	0.33154	0	297.608
129	0.180143	0.735161	0	292.405
130	0.327733	0.842893	0	299.597
131	0.813268	0.726265	0	299.955
132	0.817903	0.507285	0	299.278
133	0.661471	0.8333	0	299.922
134	0.492514	0.824644	0	299.938
135	0.17106	0.30326	0	289.287
136	0.188341	0.512387	0	303.785
137	0.651561	0.370745	0	307.802
138	0.600235	0.617008	0	300.683
139	0.399288	0.402296	0	290.747
140	0.364782	0.655683	0	301.301
141	0.134949	0.134513	1	506.478
142	0.303492	0.170906	1	499.708
143	0.734786	0.181183	1	497.117
144	0.515254	0.186401	1	501.177
145	0.841042	0.33154	1	503.504
146	0.180143	0.735161	1	538.575
147	0.327733	0.842893	1	503.754
148	0.813268	0.726265	1	500.001
149	0.817903	0.507285	1	499.854
150	0.661471	0.8333	1	500.12
151	0.492514	0.824644	1	497.681
152	0.17106	0.30326	1	497.799
153	0.188341	0.512387	1	501.349
154	0.651561	0.370745	1	498.509
155	0.600235	0.617008	1	499.865
156	0.399288	0.402296	1	500.599
157	0.364782	0.655683	1	497.608
158	0.758043	0.757445	0.404998	299.961
159	0.763001	0.401989	0.760317	299.459
160	0.283388	0.720804	0.282769	302.848
161	0.305678	0.305526	0.305408	303.109
162	0.15148	0.835383	0.219486	303.8
163	0.179429	0.179299	0.213451	353.33
164	0.198294	0.327318	0.521538	317.461
165	0.725556	0.69367	0.697143	299.947
166	0.828419	0.225215	0.828376	301.08
167	0.478562	0.247662	0.532981	314.322
168	0.175039	0.840456	0.409637	263.518
169	0.761234	0.226611	0.580463	294.787
170	0.672618	0.43436	0.330305	299.329
171	0.360582	0.62949	0.638563	301.51
172	0.184025	0.760585	0.615611	305.059
173	0.514432	0.704254	0.79952	301.064
174	0.246813	0.247141	0.760879	301.737
175	0.615447	0.190602	0.752834	306.178
176	0.236787	0.812523	0.812634	281.891
177	0.193392	0.563118	0.480637	299.632
178	0.191071	0.485681	0.697047	301.675
179	0.845769	0.766027	0.820424	300.001
180	0.439175	0.490115	0.432526	295.869
181	0.836546	0.174431	0.410431	297.981
182	0.156238	0.412568	0.855844	300.491
183	0.416748	0.40549	0.702266	295.909
184	0.327318	0.521538	0.180707	301.871
185	0.410067	0.151241	0.758494	294.132
186	0.328654	0.524698	0.84524	301.69
187	0.548434	0.721895	0.241406	299.89
188	0.637966	0.188847	0.427751	311.391
189	0.828313	0.575713	0.80766	299.984
190	0.783435	0.833783	0.579325	299.972
191	0.836194	0.150096	0.219509	313.526
192	0.538394	0.775529	0.572137	299.631
193	0.776532	0.615948	0.210948	300.11
194	0.809733	0.530719	0.610934	300.603
195	0.812472	0.417174	0.182871	300.57
196	0.613498	0.419709	0.59135	297.736
197	0.505319	0.318845	0.343942	311.52
198	0.825574	0.825629	0.227261	300.059
199	0.355004	0.758173	0.474811	300.636
200	0.654645	0.267259	0.191684	290.069
201	0.410539	0.837518	0.173515	298.757
202	0.630871	0.54191	0.816621	300.449
203	0.410209	0.852749	0.759572	307.911
204	0.311378	0.174253	0.594586	311.83
205	0.81225	0.365536	0.450725	300.772
206	0.595875	0.859043	0.730497	300.051
207	0.802982	0.56223	0.413058	299.943
208	0.602241	0.619035	0.41476	301.034
209	0.528995	0.443551	0.168462	297.668
210	0.438897	0.193776	0.19257	348.67
211

0	0	0	0	670.864
1	0	0	0.8	2891.19
2	0	0.2	1	1702.22
3	0	0.4	1	1862.45
4	0	0.6	1	-1264.17
5	0	0.8	1	299.963
6	0	1	0	-2675.34
7	0	1	0.4	-9338.29
8	0	1	0.6	-8345.39
9	0	0.2	0	332.838
10	0	0.4	0	375.855
11	0	0.6	0	-465.746
12	0	0.8	0	6245.16
13	0	0.134949	0.134513	205.248
14	0	0.303492	0.170906	108.797
15	0	0.734786	0.181183	65.9233
16	0	0.515254	0.186401	649.649
17	0	0.841042	0.33154	-2449.03
18	0	0.180143	0.735161	3863.48
19	0	0.327733	0.842893	-9144.6
20	0	0.813268	0.726265	-422.5
21	0	0.817903	0.507285	42028.2
22	0	0.661471	0.8333	2465.8
23	0	0.492514	0.824644	3622.26
24	0	0.17106	0.30326	4646.75
25	0	0.188341	0.512387	1668.55
26	0	0.651561	0.370745	-1719.07
27	0	0.600235	0.617008	-24704.5
28	0	0.399288	0.402296	-112.123
29	0	0.364782	0.655683	3388.04
30	1	0	1	502.346
31	1	0	0.8	294.629
32	1	1	1	499.986
33	1	0.2	1	497.498
34	1	0.4	1	500.588
35	1	0.6	1	500.001
36	1	0.8	1	499.985
37	1	1	0.6	300.053
38	1	1	0.8	300.084
39	1	0.134949	0.134513	298.616
40	1	0.303492	0.170906	297.782
41	1	0.734786	0.181183	299.896
42	1	0.515254	0.186401	300.295
43	1	0.841042	0.33154	299.986
44	1	0.180143	0.735161	325.407
45	1	0.327733	0.842893	293.441
46	1	0.813268	0.726265	300.081
47	1	0.817903	0.507285	300.079
48	1	0.661471	0.8333	299.972
49	1	0.492514	0.824644	299.998
50	1	0.17106	0.30326	304.142
51	1	0.188341	0.512387	293.039
52	1	0.651561	0.370745	299.996
53	1	0.600235	0.617008	299.787
54	1	0.399288	0.402296	299.821
55	1	0.364782	0.655683	301.686
56	1	0	0.2	282.309
57	1	0	0.4	399.672
58	1	0	0.6	288.785
59	0	0	1	-985.983
60	0.2	0	1	43.7263
61	0.4	0	1	958.253
62	0.6	0	1	493.785
63	0.8	0	1	499.225
64	0	0	0.2	-2654.75
65	0	0	0.4	4799.92
66	0	0	0.6	-51290.5
67	0.134513	0	0.134949	242.762
68	0.170906	0	0.303492	4394.14
69	0.181183	0	0.734786	2650.18
70	0.186401	0	0.515254	-995.584
71	0.33154	0	0.841042	-1705.78
72	0.735161	0	0.180143	293.025
73	0.842893	0	0.327733	334.008
74	0.726265	0	0.813268	309.999
75	0.507285	0	0.817903	181.272
76	0.8333	0	0.661471	295.116
77	0.824644	0	0.492514	285.48
78	0.30326	0	0.17106	-81.9152
79	0.512387	0	0.188341	336.468
80	0.370745	0	0.651561	310.656
81	0.617008	0	0.600235	324.277
82	0.402296	0	0.399288	143.578
83	0.655683	0	0.364782	304.742
84	1	1	0.2	299.957
85	1	1	0.4	299.985
86	0	1	1	453.317
87	0.2	1	1	469.928
88	0.4	1	1	503.306
89	0.6	1	1	500.277
90	0.8	1	1	499.974
91	0	1	0.2	299.3
92	0	1	0.8	448.076
93	0.134513	1	0.134949	304.317
94	0.170906	1	0.303492	305.798
95	0.181183	1	0.734786	338.203
96	0.186401	1	0.515254	302.07
97	0.33154	1	0.841042	300.924
98	0.735161	1	0.180143	300.143
99	0.842893	1	0.327733	300.091
100	0.726265	1	0.813268	299.914
101	0.507285	1	0.817903	299.895
102	0.8333	1	0.661471	299.603
103	0.824644	1	0.492514	299.974
104	0.30326	1	0.17106	296.9
105	0.512387	1	0.188341	299.916
106	0.370745	1	0.651561	290.032
107	0.617008	1	0.600235	301.357
108	0.402296	1	0.399288	303.595
109	0.655683	1	0.364782	299.427
110	1	1	0	299.989
111	0.2	1	0	303.293
112	0.4	1	0	301.032
113	0.6	1	0	299.903
114	0.8	1	0	299.981
115	1	0	0	303.573
116	1	0.2	0	298.657
117	1	0.4	0	298.405
118	1	0.6	0	300.223
119	1	0.8	0	300.004
120	0.2	0	0	393.412
121	0.4	0	0	353.827
122	0.6	0	0	296.77
123	0.8	0	0	298.052
124	0.134949	0.134513	0	333.654
125	0.303492	0.170906	0	331.347
126	0.734786	0.181183	0	303.593
127	0.515254	0.186401	0	277.323
128	0.841042	0.33154	0	297.608
129	0.180143	0.735161	0	292.405
130	0.327733	0.842893	0	299.597
131	0.813268	0.726265	0	299.955
132	0.817903	0.507285	0	299.278
133	0.661471	0.8333	0	299.922
134	0.492514	0.824644	0	299.938
135	0.17106	0.30326	0	289.289
136	0.188341	0.512387	0	303.785
137	0.651561	0.370745	0	307.802
138	0.600235	0.617008	0	300.683
139	0.399288	0.402296	0	290.747
140	0.364782	0.655683	0	301.301
141	0.134949	0.134513	1	506.48
142	0.303492	0.170906	1	499.708
143	0.734786	0.181183	1	497.107
144	0.515254	0.186401	1	501.178
145	0.841042	0.33154	1	503.496
146	0.180143	0.735161	1	538.575
147	0.327733	0.842893	1	503.754
148	0.813268	0.726265	1	500.001
149	0.817903	0.507285	1	499.855
150	0.661471	0.8333	1	500.12
151	0.492514	0.824644	1	497.681
152	0.17106	0.30326	1	497.797
153	0.188341	0.512387	1	501.353
154	0.651561	0.370745	1	498.508
155	0.600235	0.617008	1	499.865
156	0.399288	0.402296	1	500.599
157	0.364782	0.655683	1	497.608
158	0.758043	0.757445	0.404998	299.961
159	0.763001	0.401989	0.760317	299.457
160	0.283388	0.720804	0.282769	302.847
161	0.305678	0.305526	0.305408	303.107
162	0.15148	0.835383	0.219486	303.799
163	0.179429	0.179299	0.213451	353.329
164	0.198294	0.327318	0.521538	317.46
165	0.725556	0.69367	0.697143	299.946
166	0.828419	0.225215	0.828376	301.11
167	0.478562	0.247662	0.532981	314.322
168	0.175039	0.840456	0.409637	263.524
169	0.761234	0.226611	0.580463	294.786
170	0.672618	0.43436	0.330305	299.329
171	0.360582	0.62949	0.638563	301.51
172	0.184025	0.760585	0.615611	305.06
173	0.514432	0.704254	0.79952	301.064
174	0.246813	0.247141	0.760879	301.737
175	0.615447	0.190602	0.752834	306.177
176	0.236787	0.812523	0.812634	281.892
177	0.193392	0.563118	0.480637	299.633
178	0.191071	0.485681	0.697047	301.676
179	0.845769	0.766027	0.820424	300.001
180	0.439175	0.490115	0.432526	295.87
181	0.836546	0.174431	0.410431	297.981
182	0.156238	0.412568	0.855844	300.491
183	0.416748	0.40549	0.702266	295.91
184	0.327318	0.521538	0.180707	301.872
185	0.410067	0.151241	0.758494	294.132
186	0.328654	0.524698	0.84524	301.69
187	0.548434	0.721895	0.241406	299.89
188	0.637966	0.188847	0.427751	311.39
189	0.828313	0.575713	0.80766	299.984
190	0.783435	0.833783	0.579325	299.972
191	0.836194	0.150096	0.219509	313.526
192	0.538394	0.775529	0.572137	299.631
193	0.776532	0.615948	0.210948	300.11
194	0.809733	0.530719	0.610934	300.603
195	0.812472	0.417174	0.182871	300.57
196	0.613498	0.419709	0.59135	297.737
197	0.505319	0.318845	0.343942	311.52
198	0.825574	0.825629	0.227261	300.059
199	0.355004	0.758173	0.474811	300.636
200	0.654645	0.267259	0.191684	290.069
201	0.410539	0.837518	0.173515	298.757
202	0.630871	0.54191	0.816621	300.449
203	0.410209	0.852749	0.759572	307.911
204	0.311378	0.174253	0.594586	311.831
205	0.81225	0.365536	0.450725	300.772
206	0.595875	0.859043	0.730497	300.051
207	0.802982	0.56223	0.413058	299.943
208	0.602241	0.619035	0.41476	301.034
209	0.528995	0.443551	0.168462	297.668
210	0.438897	0.193776	0.19257	348.671
